0 0 0
0 0 0
0 0 0
0 0 0
0 0.09 0
0 0.26 0
0 0.43 0
-0.0456065 0.6 0.0204772
-0.194513 0.77 0.102459
-0.34218 0.939999 0.186687
-0.489847 1.11 0.270915
-0.637514 1.28 0.355142
-0.784973 1.45 0.439734
-1.01654 1.55 0.375156
-1.24357 1.55 0.296252
-1.46393 1.55 0.20025
-1.67835 1.55 0.0916585
-1.88714 1.55 -0.0274325
-2.0863 1.55 -0.161974
-2.27085 1.55 -0.315898
-2.44202 1.55 -0.484657
-2.59774 1.55 -0.667663
-2.73483 1.55 -0.865043
-2.85385 1.55 -1.07385
-2.95044 1.55 -1.29389
-3.02795 1.55 -1.52144
-3.09474 1.55 -1.75238
-3.15136 1.55 -1.98599
-3.17726 1.55 -2.22461
-3.15216 1.55 -2.46342
-3.09699 1.55 -2.69733
-3.01862 1.55 -2.9244
-2.90812 1.55 -3.13752
-2.77128 1.55 -3.33519
-2.63125 1.55 -3.53057
-2.46618 1.55 -3.70484
-2.28818 1.55 -3.75806
-2.12608 1.55 -3.70742
-1.97244 1.69 -3.63489
-1.82657 1.86 -3.54784
-1.69905 2.03 -3.43589
-1.60657 2.17 -3.33085
-1.51145 2.34 -3.19013
-1.44211 2.51 -3.03516
-1.3869 2.58 -2.87439
-1.33692 2.58 -2.71192
-1.30217 2.58 -2.54567
-1.2869 2.58 -2.37637
-1.27586 2.58 -2.20673
-1.2654 2.58 -2.03706
-1.2564 2.58 -1.8673
-1.24787 2.58 -1.69751
-1.24127 2.58 -1.52764
-1.23504 2.58 -1.35775
-1.22881 2.58 -1.18787
-1.22258 2.58 -1.01798
-1.21635 2.58 -0.848093
-1.21792 2.58 -0.678171
-1.23376 2.58 -0.508946
-1.25367 2.58 -0.340116
-1.27409 2.58 -0.171348
-1.29451 2.58 -0.00257905
-1.31494 2.58 0.16619
-1.33541 2.58 0.334952
-1.36577 2.58 0.502189
-1.40922 2.58 0.666377
-1.47077 2.58 0.824807
-1.53804 2.58 0.980914
-1.61404 2.58 1.13296
-1.69689 2.58 1.28137
-1.78824 2.58 1.42472
-1.88507 2.58 1.56441
-1.98827 2.58 1.6995
-2.09246 2.58 1.83383
-2.32308 2.58 1.87009
-2.5616 2.58 1.90022
-2.80011 2.58 1.93035
-3.03824 2.58 1.96327
-3.27356 2.58 2.01184
-3.5013 2.58 2.08856
-3.72238 2.58 2.18294
-3.94003 2.58 2.28503
-4.15276 2.58 2.39699
-4.20764 2.5 2.55811
-4.2525 2.33 2.72208
-4.29736 2.16 2.88606
-4.34222 1.99 3.05003
-4.38708 1.86 3.214
-4.57427 1.86 3.34225
-4.74871 1.86 3.50646
-4.87136 1.86 3.71269
-4.97666 1.86 3.92882
-5.07888 1.86 4.14639
-5.16985 1.86 4.3689
-5.24826 1.86 4.5961
-5.29259 1.86 4.83206
-5.28624 1.86 5.0719
-5.25662 1.86 5.31047
-5.2114 1.86 5.54638
-5.08889 1.86 5.75103
-4.93102 1.86 5.93235
-4.77298 1.86 6.11352
-4.61494 1.86 6.2947
-4.4569 1.86 6.47587
-4.29374 1.86 6.65232
-4.12054 1.86 6.81904
-3.94292 1.86 6.98106
-3.75689 1.86 7.13305
-3.55383 1.86 7.21201
-3.3992 1.86 7.14139
-3.24639 1.86 7.06693
-3.10054 1.86 6.97989
-2.96404 1.86 6.87859
-2.82886 1.86 6.77551
-2.69919 1.86 6.66573
-2.59552 1.86 6.53148
-2.50144 1.79 6.38988
-2.40741 1.62 6.24825
-2.31628 1.45 6.10475
-2.23106 1.44 5.95767
-2.14875 1.44 5.80893
-2.06814 1.51 5.65926
-1.98845 1.68 5.50909
-1.91104 1.85 5.35775
-1.83625 2.02 5.20508
-1.76146 2.19 5.05242
-1.68667 2.36 4.89976
-1.61482 2.53 4.74571
-1.55156 2.7 4.58794
-1.49098 2.84 4.4291
-1.43089 2.84 4.27007
-1.37455 2.84 4.10972
-1.32627 2.84 3.94672
-1.27899 2.84 3.78343
-1.23242 2.84 3.61993
-1.18584 2.84 3.45644
-1.13927 2.67 3.29294
-1.09269 2.5 3.12945
-1.04612 2.49 2.96595
-0.999546 2.49 2.80246
-0.952971 2.49 2.63897
-0.846125 2.49 2.26389
-0.706403 2.49 1.7734
-0.566681 2.49 1.28291
-0.426958 2.49 0.792424
-0.374905 2.49 0.609694
-0.32833 2.49 0.446198
-0.281756 2.49 0.282703
-0.235182 2.49 0.119207
-0.188608 2.49 -0.0442887
-0.142034 2.49 -0.207784
-0.0473725 2.49 -0.357582
0.162697 2.49 -0.474503
0.350442 2.49 -0.622637
0.496914 2.49 -0.813028
0.601919 2.49 -1.02922
0.700243 2.49 -1.2486
0.774277 2.49 -1.47668
0.812896 2.49 -1.71387
0.804907 2.49 -1.95388
0.790852 2.49 -2.19376
0.894404 2.49 -2.40309
1.02047 2.49 -2.52055
1.19037 2.49 -2.51851
1.36503 2.49 -2.6424
1.54114 2.49 -2.80606
1.71726 2.49 -2.96971
1.89008 2.49 -3.04343
2.05851 2.49 -3.05667
2.21963 2.49 -3.11073
2.37928 2.35 -3.16915
2.53893 2.18 -3.22757
2.69827 2.01 -3.28683
2.85879 1.89 -3.34273
3.02112 1.72 -3.39322
3.18361 1.67 -3.4432
3.34669 1.67 -3.49118
3.51018 1.67 -3.53775
3.67368 1.67 -3.58432
3.83738 1.67 -3.63014
4.00204 1.67 -3.67241
4.24419 1.67 -3.73459
4.69942 1.67 -3.85147
4.86409 1.67 -3.89375
5.02884 1.67 -3.93567
5.19372 1.67 -3.97708
5.3586 1.67 -4.0185
5.52348 1.67 -4.05991
5.68836 1.67 -4.10133
5.85324 1.67 -4.14274
6.02069 1.67 -4.17128
6.19051 1.67 -4.17509
6.36228 1.67 -4.28235
6.5401 1.67 -4.44405
6.73638 1.67 -4.58254
6.94361 1.67 -4.70432
7.15891 1.67 -4.81111
7.38268 1.67 -4.89899
7.55831 1.67 -4.87552
7.70941 1.67 -4.79782
8.02646 1.67 -4.60709
8.46237 1.67 -4.34236
8.60096 1.67 -4.24425
8.72287 1.67 -4.12582
9.0816 1.67 -3.76331
9.29958 1.67 -3.54289
9.41215 1.67 -3.4156
9.60347 1.67 -3.17168
9.8794 1.67 -2.8162
9.97897 1.67 -2.67852
10.0674 1.67 -2.53334
10.1526 1.67 -2.38622
10.2376 1.67 -2.239
10.2273 1.67 -2.03677
10.1651 1.67 -1.80455
10.1085 1.67 -1.57093
10.0713 1.67 -1.33352
10.0434 1.67 -1.09473
10.0213 1.67 -0.85534
10.0309 1.67 -0.615807
10.1703 1.67 -0.526805
10.3115 1.67 -0.615109
10.3472 1.67 -0.777991
10.3287 1.67 -0.946896
10.3021 1.67 -1.1148
10.3012 1.67 -1.28554
10.4571 1.67 -1.46854
10.6161 1.67 -1.64888
10.7751 1.67 -1.82922
10.9341 1.67 -2.00956
11.0931 1.67 -2.1899
11.2521 1.67 -2.37023
11.4111 1.67 -2.55057
11.4619 1.67 -2.72408
11.4541 1.67 -3.15401
11.446 1.67 -3.66395
11.4427 1.67 -3.87392
11.4357 1.67 -4.32387
11.4277 1.67 -4.83381
11.4197 1.67 -5.34375
11.4116 1.67 -5.85369
11.791 1.67 -6.3722
12.2652 1.67 -6.91545
12.58 1.67 -7.46853
12.4672 1.67 -7.81984
12.3666 1.67 -7.95675
12.2612 1.67 -8.09011
12.2222 1.67 -8.28471
12.2299 1.67 -8.52499
12.2112 1.67 -8.93452
12.0848 1.67 -9.64316
11.8039 1.67 -10.1114
11.6324 1.67 -10.1553
11.4553 1.67 -10.3075
11.2775 1.67 -10.4693
11.0997 1.67 -10.6311
10.9247 1.67 -10.733
10.7549 1.67 -10.725
10.5851 1.67 -10.717
10.411 1.67 -10.7989
10.2412 1.67 -10.7916
10.0691 1.67 -10.8453
9.89297 1.67 -11.009
9.71686 1.67 -11.1727
9.54553 1.67 -11.2059
9.37591 1.67 -11.1946
9.20661 1.67 -11.1792
9.0378 1.67 -11.1595
8.8717 1.67 -11.1235
8.80399 1.67 -11.1057
8.80399 1.67 -11.1057
8.8931 1.67 -11.1184
9.06193 1.67 -11.1382
9.231 1.67 -11.1559
9.40006 1.67 -11.1737
9.56855 1.67 -11.1961
9.7351 1.67 -11.2301
9.91891 1.67 -11.1892
10.0166 1.67 -11.0404
10.1229 1.67 -10.9092
10.277 1.67 -10.8465
10.4464 1.67 -10.8174
10.5726 1.67 -10.6505
10.5856 1.67 -10.481
10.6085 1.67 -10.2522
10.6561 1.67 -9.74441
10.6839 1.67 -9.23526
10.6751 1.67 -8.72539
10.6591 1.67 -8.21564
10.639 1.67 -7.70607
10.5695 1.67 -7.20127
10.4073 1.67 -6.71877
10.1523 1.67 -6.27826
9.77488 1.67 -5.9398
9.3356 1.67 -5.6813
8.88133 1.67 -5.44949
8.41876 1.67 -5.23546
7.93241 1.67 -5.08273
7.45659 1.67 -4.96576
7.29079 1.67 -4.92827
7.12298 1.67 -4.90117
6.95396 1.67 -4.88345
6.78412 1.67 -4.88712
6.74423 1.67 -4.89005
6.74423 1.67 -4.89005
6.74423 1.67 -4.89005
6.89382 1.67 -4.87906
7.06338 1.67 -4.86687
7.23332 1.67 -4.86384
7.4033 1.67 -4.86666
7.57324 1.67 -4.86441
7.67305 1.67 -4.85828
7.67305 1.67 -4.85828
7.67305 1.67 -4.85828
7.67305 1.67 -4.85828
7.49837 1.67 -4.85463
7.29081 1.67 -4.7336
7.19631 1.67 -4.73364
7.19631 1.53 -4.73364
7.19631 1.36 -4.73364
7.19631 1.27 -4.73364
7.14299 1.27 -4.76116
7.06531 1.27 -4.98132
6.99962 1.27 -5.09388
6.99962 1.27 -5.09388
6.98091 1.27 -5.10095
6.82189 1.27 -5.16104
6.66277 1.27 -5.22089
6.66277 1.27 -5.22089
6.54 1.27 -5.26364
6.48334 1.27 -5.28337
6.37945 1.27 -5.31955
6.33217 1.27 -5.3358
6.33217 1.27 -5.3358
6.19925 1.27 -5.37976
6.14223 1.27 -5.39845
6.14223 1.27 -5.39845
6.07501 1.27 -5.41798
5.96938 1.27 -5.44867
5.96938 1.27 -5.44867
5.96938 1.27 -5.44867
5.96938 1.27 -5.44867
5.84399 1.27 -5.48297
5.84399 1.27 -5.48297
5.84399 1.27 -5.48297
5.87292 1.27 -5.47505
6.0369 1.27 -5.43019
6.0369 1.27 -5.43019
6.0369 1.27 -5.43019
6.0369 1.27 -5.43019
6.0369 1.27 -5.43019
6.0369 1.27 -5.43019
6.0369 1.27 -5.43019
6.0369 1.27 -5.43019
6.0369 1.19 -5.43019
6.0369 1.02 -5.43019
6.0369 0.91 -5.43019
6.0369 0.91 -5.43019
5.95116 0.91 -5.45756
5.87494 0.91 -5.48188
5.87494 0.91 -5.48188
5.87494 0.91 -5.48188
5.87494 0.91 -5.48188
5.80679 0.91 -5.49787
5.70944 0.91 -5.5207
5.70944 0.91 -5.5207
5.6997 0.91 -5.52298
5.5342 0.91 -5.56181
5.51473 0.91 -5.56637
5.46605 0.91 -5.57779
5.30054 0.91 -5.61661
5.13504 0.91 -5.65543
4.9694 0.91 -5.69369
4.8026 0.91 -5.72647
4.63522 0.91 -5.75616
4.46741 0.91 -5.78338
4.2992 0.91 -5.80791
4.1305 0.91 -5.8288
3.96087 0.91 -5.83408
3.79538 0.91 -5.79623
3.63225 0.91 -5.7484
3.46925 0.91 -5.70012
3.30625 1.05 -5.65184
3.14325 1.22 -5.60356
2.98055 1.36 -5.55433
2.82226 1.36 -5.49245
2.6685 1.36 -5.41998
2.51698 1.36 -5.3429
2.3573 1.36 -5.28074
2.12341 1.36 -5.33583
1.88536 1.36 -5.36919
1.64574 1.36 -5.38797
1.40542 1.36 -5.39471
1.16503 1.36 -5.39271
0.929241 1.36 -5.35096
0.701768 1.36 -5.27323
0.47539 1.36 -5.19229
0.249186 1.36 -5.11085
0.024513 1.36 -5.02533
-0.196418 1.36 -4.93053
-0.416559 1.36 -4.83389
-0.6367 1.36 -4.73726
-0.856841 1.36 -4.64062
-1.07698 1.36 -4.54399
-1.29622 1.36 -4.44533
-1.51194 1.36 -4.33923
-1.71827 1.36 -4.21601
-1.91392 1.36 -4.07633
-2.09641 1.36 -3.92019
-2.24071 1.36 -3.72937
-2.33489 1.36 -3.50838
-2.38619 1.36 -3.27416
-2.39351 1.36 -3.03415
-2.50924 1.36 -2.90962
-2.62496 1.36 -2.78508
-2.71947 1.36 -2.64511
-2.74123 1.36 -2.47433
-2.58675 1.36 -2.39728
-2.42375 1.36 -2.349
-2.26075 1.36 -2.30071
-2.09775 1.36 -2.25243
-1.93475 1.36 -2.20414
-1.77191 1.34 -2.15536
-1.61287 1.23 -2.09537
-1.50142 1.23 -2.0509
-1.50142 1.23 -2.0509
-1.50142 1.23 -2.0509
-1.50142 1.23 -2.0509
-1.50142 1.23 -2.0509
-1.50142 1.23 -2.0509
-1.50142 1.23 -2.0509
-1.50142 1.23 -2.0509
-1.50142 1.23 -2.0509
-1.50142 1.09 -2.0509
-1.50142 0.92 -2.0509
-1.50142 0.9 -2.0509
-1.50142 0.9 -2.0509
-1.36849 0.9 -1.98141
-1.27101 0.9 -1.93044
-1.26174 0.9 -1.94817
-1.21078 0.9 -2.04565
-1.21078 0.9 -2.04565
-1.21078 0.9 -2.04565
-1.21078 0.9 -2.04565
-1.21078 0.9 -2.04565
-1.13454 0.9 -1.99782
-1.13454 0.9 -1.99782
-1.13454 0.9 -1.99782
-1.13454 0.9 -1.99782
-1.13454 0.9 -1.99782
-1.21152 0.9 -2.04445
-1.35693 0.9 -2.13251
-1.50234 0.9 -2.22058
-1.64775 0.9 -2.30864
-1.79317 0.9 -2.39671
-1.93858 0.9 -2.48478
-2.08399 0.9 -2.57284
-2.10109 0.99 -2.5832
-2.10109 1.16 -2.5832
-2.10109 1.33 -2.5832
-2.10109 1.5 -2.5832
-2.10109 1.67 -2.5832
-2.16065 1.84 -2.51574
-2.27751 1.88 -2.39228
-2.34376 1.88 -2.22078
-2.3371 1.88 -1.98046
-2.3156 1.88 -1.74115
-2.27354 1.88 -1.50445
-2.22973 1.88 -1.26806
-2.17309 1.88 -1.04898
-2.02802 1.88 -0.960377
-1.88509 1.88 -0.868433
-1.74568 1.88 -0.771152
-1.6142 1.88 -0.66394
-1.54026 1.88 -0.513749
-1.50206 1.88 -0.348099
-1.46647 1.88 -0.181902
-1.45456 1.88 -0.0125472
-1.49021 1.88 0.153152
-1.57437 1.88 0.298755
-1.70608 1.88 0.405804
-1.85088 1.88 0.494845
-1.9963 1.88 0.582907
-2.14171 1.93 0.670969
-2.28712 2.1 0.759032
-2.43254 2.27 0.847094
-2.57795 2.44 0.935156
-2.72336 2.61 1.02322
-2.92063 2.76 1.02596
-3.15638 2.76 0.979024
-3.39545 2.76 0.955232
-3.6357 2.76 0.948641
-3.87605 2.76 0.953745
-4.11563 2.76 0.973117
-4.34812 2.76 1.03258
-4.57429 2.76 1.11408
-4.73577 2.76 1.10774
-4.73577 2.76 1.10774
-4.71604 2.76 1.05108
-4.67329 2.76 0.928313
-4.67329 2.76 0.928313
-4.67329 2.91 0.928313
-4.67329 3.04 0.928313
-4.67329 3.04 0.928313
-4.67329 3.1 0.928313
-4.67329 3.19 0.928313
-4.68275 3.19 0.925074
-4.84359 3.19 0.870005
-4.84359 3.19 0.870005
-4.84359 3.19 0.870005
-4.84359 3.19 0.870005
-4.84359 3.19 0.870005
-4.88569 3.19 0.992996
-4.9278 3.19 1.11599
-4.9278 3.19 1.11599
-4.93996 3.19 1.15409
-4.98766 3.19 1.30682
-4.98766 3.19 1.30682
-4.99649 3.19 1.33549
-5.03177 3.19 1.45018
-5.03177 3.19 1.45018
-5.0549 3.19 1.52677
-5.06646 3.19 1.56506
-5.06935 3.19 1.57463
-5.10115 3.19 1.67994
-5.10115 3.19 1.67994
-5.14031 3.19 1.81435
-5.14031 3.19 1.81435
-5.17197 3.19 1.93009
-5.17197 3.19 1.93009
-5.21156 3.19 2.07478
-5.21156 3.19 2.07478
-5.2485 3.19 2.20981
-5.25114 3.19 2.21946
-5.28808 3.19 2.35449
-5.29275 3.19 2.37394
-5.3231 3.19 2.50035
-5.32777 3.19 2.5198
-5.36046 3.19 2.65593
-5.36269 3.19 2.66568
-5.39841 3.19 2.82164
-5.40038 3.19 2.83144
-5.42537 3.19 2.99955
-5.44262 3.19 3.16867
-5.45847 3.19 3.33793
-5.47359 3.19 3.50726
-5.48724 3.19 3.67671
-5.49969 3.19 3.84625
-5.39246 3.19 4.02458
-5.23639 3.19 4.20743
-5.09607 3.19 4.40247
-4.93482 3.19 4.45846
-4.77489 3.19 4.51599
-4.62198 3.19 4.59002
-4.47726 3.19 4.67908
-4.34279 3.19 4.78292
-4.22435 3.19 4.9047
-4.12133 3.19 5.03983
-4.03628 3.19 5.18682
-3.97015 3.19 5.34334
-3.92815 3.19 5.50779
-3.91812 3.19 5.59719
-3.91812 3.19 5.59719
-3.91812 3.19 5.59719
-4.05743 3.19 5.58328
-4.22659 3.19 5.5664
-4.27634 3.19 5.56143
-4.27634 3.19 5.56143
-4.27634 3.19 5.56143
-4.4057 3.19 5.54852
-4.4057 3.19 5.54852
-4.4057 3.19 5.54852
-4.4057 3.19 5.54852
-4.52498 3.19 5.53535
-4.52498 3.19 5.53535
-4.52498 3.19 5.53535
-4.52498 3.19 5.53535
-4.52498 3.19 5.53535
-4.52498 3.19 5.53535
-4.52498 3.19 5.53535
-4.58462 3.19 5.52876
-4.64425 3.19 5.52218
-4.64425 3.19 5.52218
-4.69395 3.19 5.51669
-4.76353 3.19 5.509
-4.76353 3.19 5.509
-4.76353 3.19 5.509
-4.76353 3.19 5.509
-4.76353 3.19 5.509
-4.76353 3.19 5.509
-4.76353 3.19 5.509
-4.76353 3.19 5.509
-4.76353 3.19 5.509
-4.76353 3.19 5.509
-4.76353 3.19 5.509
-4.86333 3.19 5.50272
-4.94317 3.19 5.4977
-4.94317 3.19 5.4977
-4.96315 3.19 5.49681
-5.11308 3.19 5.4921
-5.11308 3.19 5.4921
-5.15307 3.19 5.49147
-5.23306 3.19 5.49021
-5.23306 3.19 5.49021
-5.28306 3.19 5.48942
-5.28306 3.19 5.48942
-5.28306 3.19 5.48942
-5.28306 3.24 5.48942
-5.28306 3.36 5.48942
-5.28306 3.36 5.48942
-5.28306 3.36 5.48942
-5.28306 3.36 5.48942
-5.28306 3.36 5.48942
-5.28306 3.36 5.48942
-5.24306 3.36 5.48858
-5.0731 3.36 5.48503
-4.97312 3.36 5.48293
-4.97312 3.36 5.48293
-4.97312 3.36 5.48293
-4.97312 3.36 5.48293
-4.99312 3.36 5.48335
-5.16308 3.36 5.48691
-5.20307 3.36 5.48775
-5.24306 3.36 5.48858
-5.41303 3.36 5.49214
-5.41303 3.36 5.49214
-5.41303 3.36 5.49214
-5.41449 3.36 5.42216
-5.41449 3.36 5.42216
-5.41449 3.36 5.42216
-5.41449 3.36 5.42216
-5.41449 3.36 5.42216
-5.41449 3.46 5.42216
-5.41449 3.49 5.42216
-5.41449 3.49 5.42216
-5.41449 3.49 5.42216
-5.41449 3.49 5.42216
-5.41449 3.49 5.42216
-5.41449 3.38 5.42216
-5.41449 3.38 5.42216
-5.41449 3.38 5.42216
-5.41449 3.38 5.42216
-5.50445 3.38 5.42498
-5.50445 3.38 5.42498
-5.50445 3.38 5.42498
-5.50445 3.38 5.42498
-5.50445 3.38 5.42498
-5.50445 3.38 5.42498
-5.42449 3.38 5.42247
-5.29455 3.38 5.41839
-5.29455 3.38 5.41839
-5.29455 3.38 5.41839
-5.18461 3.38 5.41494
-5.17461 3.38 5.41463
-5.17461 3.38 5.41463
-5.04468 3.38 5.41055
-5.03468 3.38 5.41024
-5.03468 3.38 5.41024
-4.93473 3.38 5.4071
-4.93473 3.38 5.4071
-4.93473 3.38 5.4071
-4.93473 3.38 5.4071
-4.93473 3.38 5.4071
-4.87476 3.38 5.40522
-4.82479 3.38 5.40365
-4.82479 3.38 5.40365
-4.8048 3.38 5.40302
-4.63488 3.38 5.39769
-4.46497 3.38 5.39235
-4.29506 3.38 5.38702
-4.12514 3.38 5.38168
-3.9546 3.38 5.39634
-3.77935 3.38 5.56092
-3.60409 3.38 5.7255
-3.43261 3.38 5.78224
-3.26262 3.38 5.77999
-3.09263 3.38 5.77837
-2.92227 3.38 5.91785
-2.75908 3.38 6.09434
-2.77898 3.38 6.2631
-2.81508 3.38 6.42915
-2.86129 3.38 6.59273
-2.916 3.38 6.75365
-2.99962 3.38 6.90119
-3.15204 3.38 6.99426
-3.33473 3.38 6.94204
-3.43324 3.38 6.80387
-3.51668 3.34 6.65578
-3.59614 3.17 6.50549
-3.67415 3 6.35445
-3.75508 2.83 6.20495
-3.83698 2.66 6.05598
-3.91638 2.49 5.90568
-3.98842 2.32 5.75171
-4.05704 2.15 5.59617
-4.1303 1.98 5.4428
-4.10639 1.81 5.23526
-4.04373 1.64 5.00316
-3.97275 1.63 4.77347
-3.90015 1.63 4.54428
-3.83016 1.63 4.31428
-3.76074 1.7 4.0841
-3.67588 1.87 3.88726
-3.53043 2.04 3.7993
-3.39296 2.21 3.69969
-3.26695 2.38 3.58559
-3.14461 2.55 3.46755
-3.02842 2.72 3.34351
-2.93155 2.89 3.20433
-2.87082 3.03 3.0457
-2.83739 3.03 2.93046
-2.83739 3.03 2.93046
-2.83739 3.03 2.93046
-2.83739 3.03 2.93046
-2.83739 3.03 2.93046
-2.83739 3.03 2.93046
-2.83739 3.03 2.93046
-2.83739 3.03 2.93046
-2.83739 3.03 2.93046
-2.83739 3.03 2.93046
